Assignment 1
ξ1: 0
ξ2: 0.65
Assignment 2
ξ4: 1
ξ5: 0.66
ξ6: 8
ξ7: 0.33
ξ8: 5
Assignment 3
ξ9: 0
ξ10: 33, 29, 6, 37, 1
Assignment 4
ξ11: 842
ξ12: 55.3
ξ13: 2
ξ14: 719, 743, 803, 814, 925, 1051, 776, 806, 802, 1083
Assignment 5
ξ15: 2
ξ16: (17, -11266911204238.22), (-13, -883231318602.85), (-10, -62296573972.61), (10, -54036320089.17), (-19, -36772660717185.11), (19, -33591658940946.31), (-11, -158049416425.51), (3, -233160.01), (4, -4555356.86), (6, -312854650.01), (-7, -1820917820.98), (-17, -13098473100719.23), (7, -1469352876.27), (-6, -410828259.57), (-15, -3645178210189.27), (-9, -23095218358.37), (2, -2544.05), (-12, -393095356399.78), (13, -765661859069.97), (15, -3237146484674.61), (0, -0.98), (20, -59833403918809.97)
Assignment 6
ξ17: 23
ξ18: 63
ξ19: 95.48
signature
99d9e51eff0fb88f6911fa8b4392742591f8f6da